%YAML:1.0
---
model_type: PINHOLE
camera_name: camera
image_width: 1242
image_height: 375
distortion_parameters:
   k1: -3.728755e-01
   k2: 2.037299e-01
   p1: 1.383707e-03
   p2: -7.233722e-02
projection_parameters:
   fx: 9.842439e+02
   fy: 9.808141e+02
   cx: 6.900e+02
   cy: 2.331966e+02